2017/04/28 01 03 19 31 32 42 43  
2017/04/25 16 17 30 32 35 41 26  
2017/04/21 05 15 22 23 28 39 25  
2017/04/18 14 21 25 35 36 39 18  
2017/04/14 02 03 04 23 29 42 14  
2017/04/11 09 22 31 36 40 47 08  
2017/04/07 19 23 31 32 37 49 26  
2017/04/04 05 17 33 34 43 44 04  
2017/03/31 17 18 22 24 25 38 39  
2017/03/28 21 22 32 37 42 44 38  
2017/03/24 24 36 39 41 45 49 22  
2017/03/21 08 16 27 32 43 44 07  
2017/03/17 04 17 25 36 40 44 08  
2017/03/14 15 17 20 32 33 39 21  
2017/03/10 11 12 21 35 41 48 01  
2017/03/07 06 12 22 31 41 44 02  
2017/03/03 02 16 20 37 43 48 10  
2017/02/28 06 14 15 19 30 43 31  
2017/02/24 12 16 35 38 41 47 01  
2017/02/21 08 10 15 32 39 48 43  
2017/02/17 06 16 21 23 46 49 39  
2017/02/14 10 11 21 23 28 37 24  
2017/02/10 07 11 12 15 24 26 06  
2017/02/07 06 18 19 23 32 49 21  
2017/02/03 02 11 25 29 30 33 20  
2017/02/01 04 09 11 32 43 47 44  
2017/01/31 04 11 16 28 33 46 17  
2017/01/30 10 19 26 29 43 45 20  
2017/01/29 03 08 09 12 14 22 46  
2017/01/28 01 19 20 25 30 32 02
2017/01/27 01 05 07 31 35 49 42  
2017/01/24 01 09 17 31 33 48 49  
2017/01/20 01 05 16 18 31 41 13  
2017/01/17 04 12 17 28 34 40 07  
2017/01/13 14 19 21 25 27 38 22  
2017/01/10 04 13 14 37 39 46 31  
2017/01/06 12 14 32 35 40 43 17  
2017/01/03 18 22 41 42 47 49 45  
2016/12/30 06 07 35 37 38 47 12  
2016/12/27 10 25 26 29 31 40 02  
2016/12/23 08 23 28 38 41 42 30  
2016/12/20 01 29 35 36 44 46 06  
2016/12/16 11 19 25 34 36 42 08  
2016/12/13 19 29 33 36 39 49 06  
2016/12/09 12 28 38 42 44 49 02  
2016/12/06 27 30 32 41 44 46 42  
2016/12/02 05 25 26 34 40 49 47  
2016/11/29 03 21 26 28 38 40 42  
2016/11/25 01 03 22 28 37 42 10  
2016/11/22 01 21 24 25 34 44 19  
2016/11/18 06 18 24 25 26 34 19  
2016/11/15 07 08 25 33 41 43 06  
2016/11/11 02 07 08 22 28 32 20  
2016/11/08 03 06 11 17 22 49 44  
2016/11/04 02 03 17 28 38 49 21  
2016/11/01 10 11 15 20 31 49 44  
2016/10/28 01 10 13 33 37 38 40  
2016/10/25 05 15 25 27 33 34 43  
2016/10/21 02 08 21 32 33 37 15  
2016/10/18 14 15 16 24 44 47 21
2016/10/14 10 23 29 30 44 47 07  
2016/10/11 02 08 13 14 37 39 38  
2016/10/07 10 16 30 33 37 42 43  
2016/10/04 11 23 30 35 40 44 07  
2016/09/30 04 10 31 38 40 48 05  
2016/09/27 14 15 16 35 46 48 02  
2016/09/23 01 02 29 31 33 43 40  
2016/09/20 04 07 17 22 44 45 32  
2016/09/16 17 23 30 31 34 49 36  
2016/09/13 03 16 22 33 40 41 39  
2016/09/09 01 12 35 36 41 44 21  
2016/09/06 04 07 20 23 28 45 35  
2016/09/02 09 11 20 21 45 46 42  
2016/08/30 01 11 18 27 36 46 26  
2016/08/26 09 28 34 41 42 49 06  
2016/08/23 25 26 37 38 44 48 31  
2016/08/19 05 19 26 44 46 48 36  
2016/08/16 05 14 15 20 27 29 35  
2016/08/12 08 20 33 35 42 43 10  
2016/08/09 15 17 30 35 37 45 41  
2016/08/05 01 02 22 27 35 40 33  
2016/08/02 04 15 20 22 28 29 01  
2016/07/29 09 15 27 28 30 41 13  
2016/07/26 09 15 19 22 35 41 37  
2016/07/22 02 10 17 27 33 49 15  
2016/07/19 07 13 33 40 45 46 39  
2016/07/15 24 25 29 33 35 38 49  
2016/07/12 25 31 34 42 43 46 05  
2016/07/08 09 10 13 19 23 35 38  
2016/07/05 06 09 15 17 40 47 24
2016/07/01 08 20 24 34 41 43 32  
2016/06/28 07 08 25 39 45 46 38  
2016/06/24 14 17 27 28 39 41 18  
2016/06/21 02 27 34 35 36 49 26  
2016/06/17 07 10 17 20 21 31 49  
2016/06/14 12 13 16 33 35 37 18  
2016/06/10 04 13 15 22 23 48 03  
2016/06/07 05 08 23 31 39 44 19  
2016/06/03 03 10 27 33 41 44 07  
2016/05/31 01 02 05 32 45 46 43  
2016/05/27 02 09 13 16 24 39 41  
2016/05/24 06 08 13 21 33 39 45  
2016/05/20 05 10 25 30 40 43 26  
2016/05/17 02 03 20 23 34 42 40  
2016/05/13 03 10 22 31 35 38 37  
2016/05/10 03 04 08 22 36 38 07  
2016/05/06 01 26 37 39 42 48 41  
2016/05/03 01 07 17 40 41 43 33  
2016/04/29 08 14 27 31 36 40 03  
2016/04/26 06 12 21 25 34 43 28  
2016/04/22 12 19 23 33 46 48 29  
2016/04/19 12 21 39 41 46 47 14  
2016/04/15 09 13 17 28 45 47 03  
2016/04/12 11 14 19 39 45 49 23  
2016/04/08 02 07 13 30 36 45 43  
2016/04/05 14 23 26 32 38 43 03  
2016/04/01 08 12 16 29 37 39 40  
2016/03/29 01 17 18 34 46 47 25  
2016/03/25 07 11 22 37 40 41 20  
2016/03/22 07 11 16 20 30 33 06